tid_utc: 2026-07-21T18:59:28
dato: 2026-07-21
http: 200
svar: {"id":"2026-07-21","ctl":50.776794,"atl":63.617733,"rampRate":3.206356,"ctlLoad":62.0,"atlLoad":62.0,"sportInfo":[{"type":"Ride","eftp":205.81076,"wPrime":17046.701,"pMax":590.9931}],"updated":"2026-07-21T18:59:28.348+00:00","weight":71.919,"restingHR":43,"hrv":71.0,"hrvSDNN":null,"menstrualPhase":null,"menstrualPhasePredicted":null,"kcalConsumed":null,"sleepSecs":30120,"sleepScore":91.0,"sleepQua
