tid_utc: 2026-07-10T18:21:52
dato: 2026-07-10
http: 200
svar: {"id":"2026-07-10","ctl":48.051876,"atl":60.308765,"rampRate":3.1144257,"ctlLoad":109.0,"atlLoad":109.0,"sportInfo":[{"type":"Ride","eftp":206.63605,"wPrime":17115.059,"pMax":593.363}],"updated":"2026-07-10T18:21:52.038+00:00","weight":72.389,"restingHR":41,"hrv":75.0,"hrvSDNN":null,"menstrualPhase":null,"menstrualPhasePredicted":null,"kcalConsumed":null,"sleepSecs":30272,"sleepScore":96.0,"sleepQ
