tid_utc: 2026-07-15T18:04:07
dato: 2026-07-15
http: 200
svar: {"id":"2026-07-15","ctl":48.52168,"atl":59.459476,"rampRate":1.3460197,"ctlLoad":88.0,"atlLoad":88.0,"sportInfo":[{"type":"Ride","eftp":205.81076,"wPrime":17046.701,"pMax":590.9931}],"updated":"2026-07-15T18:04:07.335+00:00","weight":71.699,"restingHR":46,"hrv":45.0,"hrvSDNN":null,"menstrualPhase":null,"menstrualPhasePredicted":null,"kcalConsumed":null,"sleepSecs":28680,"sleepScore":85.0,"sleepQua
