tid_utc: 2026-07-13T21:13:59
dato: 2026-07-13
http: 200
svar: {"id":"2026-07-13","ctl":47.05409,"atl":51.402863,"rampRate":-0.8468971,"ctlLoad":42.0,"atlLoad":42.0,"sportInfo":[{"type":"Ride","eftp":206.01677,"wPrime":17063.766,"pMax":591.58466}],"updated":"2026-07-13T21:13:59.284+00:00","weight":72.639,"restingHR":45,"hrv":51.0,"hrvSDNN":null,"menstrualPhase":null,"menstrualPhasePredicted":null,"kcalConsumed":null,"sleepSecs":25845,"sleepScore":82.0,"sleepQ
