tid_utc: 2026-07-18T08:45:24
dato: 2026-07-18
http: 200
svar: {"id":"2026-07-18","ctl":49.64448,"atl":62.14532,"rampRate":2.4643745,"ctlLoad":92.0,"atlLoad":92.0,"sportInfo":[{"type":"Ride","eftp":205.81076,"wPrime":17046.701,"pMax":590.9931}],"updated":"2026-07-18T08:45:24.181+00:00","weight":71.919,"restingHR":48,"hrv":35.0,"hrvSDNN":null,"menstrualPhase":null,"menstrualPhasePredicted":null,"kcalConsumed":null,"sleepSecs":22490,"sleepScore":48.0,"sleepQual
