tid_utc: 2026-07-09T18:49:45
dato: 2026-07-09
http: 200
svar: {"id":"2026-07-09","ctl":45.484043,"atl":47.929623,"rampRate":-0.17475891,"ctlLoad":22.0,"atlLoad":22.0,"sportInfo":[{"type":"Ride","eftp":206.42941,"wPrime":17097.943,"pMax":592.7696}],"updated":"2026-07-09T18:49:45.308+00:00","weight":72.389,"restingHR":46,"hrv":38.0,"hrvSDNN":null,"menstrualPhase":null,"menstrualPhasePredicted":null,"kcalConsumed":null,"sleepSecs":25020,"sleepScore":75.0,"sleep
