tid_utc: 2026-07-12T17:57:55
dato: 2026-07-12
http: 200
svar: {"id":"2026-07-12","ctl":47.17587,"atl":52.846813,"rampRate":-1.6624451,"ctlLoad":47.0,"atlLoad":47.0,"sportInfo":[{"type":"Ride","eftp":206.22299,"wPrime":17080.846,"pMax":592.1768}],"updated":"2026-07-12T17:57:54.947+00:00","weight":72.389,"restingHR":44,"hrv":53.0,"hrvSDNN":null,"menstrualPhase":null,"menstrualPhasePredicted":null,"kcalConsumed":null,"sleepSecs":29280,"sleepScore":85.0,"sleepQu
