tid_utc: 2026-07-20T17:38:06
dato: 2026-07-20
http: 200
svar: {"id":"2026-07-20","ctl":54.506184,"atl":86.49692,"rampRate":7.452095,"ctlLoad":253.0,"atlLoad":253.0,"sportInfo":[{"type":"Ride","eftp":205.81076,"wPrime":17046.701,"pMax":590.9931}],"updated":"2026-07-20T17:38:06.529+00:00","weight":71.919,"restingHR":44,"hrv":63.0,"hrvSDNN":null,"menstrualPhase":null,"menstrualPhasePredicted":null,"kcalConsumed":null,"sleepSecs":24000,"sleepScore":77.0,"sleepQu
