tid_utc: 2026-07-16T13:47:46
dato: 2026-07-16
http: 200
svar: {"id":"2026-07-16","ctl":48.13295,"atl":55.804012,"rampRate":1.549633,"ctlLoad":32.0,"atlLoad":32.0,"sportInfo":[{"type":"Ride","eftp":205.81076,"wPrime":17046.701,"pMax":590.9931}],"updated":"2026-07-16T13:47:46.578+00:00","weight":71.919,"restingHR":45,"hrv":50.0,"hrvSDNN":null,"menstrualPhase":null,"menstrualPhasePredicted":null,"kcalConsumed":null,"sleepSecs":21660,"sleepScore":63.0,"sleepQual
