tid_utc: 2026-07-22T14:28:40
dato: 2026-07-22
http: 200
svar: {"id":"2026-07-22","ctl":50.922943,"atl":63.34795,"rampRate":2.4012642,"ctlLoad":98.0,"atlLoad":98.0,"sportInfo":[{"type":"Ride","eftp":205.81076,"wPrime":17046.701,"pMax":590.9931}],"updated":"2026-07-22T14:28:40.112+00:00","weight":71.919,"restingHR":43,"hrv":71.0,"hrvSDNN":null,"menstrualPhase":null,"menstrualPhasePredicted":null,"kcalConsumed":null,"sleepSecs":25680,"sleepScore":83.0,"sleepQua
