tid_utc: 2026-07-19T06:13:39
dato: 2026-07-19
http: 200
svar: {"id":"2026-07-19","ctl":50.123413,"atl":63.190952,"rampRate":2.947544,"ctlLoad":70.0,"atlLoad":70.0,"sportInfo":[{"type":"Ride","eftp":205.81076,"wPrime":17046.701,"pMax":590.9931}],"updated":"2026-07-19T06:13:39.416+00:00","weight":null,"restingHR":44,"hrv":63.0,"hrvSDNN":null,"menstrualPhase":null,"menstrualPhasePredicted":null,"kcalConsumed":null,"sleepSecs":31740,"sleepScore":88.0,"sleepQuali
