tid_utc: 2026-07-17T18:29:47
dato: 2026-07-17
http: 200
svar: {"id":"2026-07-17","ctl":48.623917,"atl":57.560688,"rampRate":0.57204056,"ctlLoad":69.0,"atlLoad":69.0,"sportInfo":[{"type":"Ride","eftp":205.81076,"wPrime":17046.701,"pMax":590.9931}],"updated":"2026-07-17T18:29:46.940+00:00","weight":71.919,"restingHR":44,"hrv":50.0,"hrvSDNN":null,"menstrualPhase":null,"menstrualPhasePredicted":null,"kcalConsumed":null,"sleepSecs":27600,"sleepScore":83.0,"sleepQ
