tid_utc: 2026-07-23T06:17:45
dato: 2026-07-23
http: 200
svar: {"id":"2026-07-23","ctl":50.5483,"atl":62.902264,"rampRate":2.4153519,"ctlLoad":35.0,"atlLoad":60.0,"sportInfo":[{"type":"Ride","eftp":205.81076,"wPrime":17046.701,"pMax":590.9931}],"updated":"2026-07-23T06:17:45.764+00:00","weight":71.589,"restingHR":40,"hrv":70.0,"hrvSDNN":null,"menstrualPhase":null,"menstrualPhasePredicted":null,"kcalConsumed":null,"sleepSecs":26500,"sleepScore":70.0,"sleepQual
