tid_utc: 2026-07-11T18:06:42
dato: 2026-07-11
http: 200
svar: {"id":"2026-07-11","ctl":47.180107,"atl":53.74468,"rampRate":-0.08811951,"ctlLoad":11.0,"atlLoad":11.0,"sportInfo":[{"type":"Ride","eftp":206.42941,"wPrime":17097.943,"pMax":592.7696}],"updated":"2026-07-11T18:06:42.393+00:00","weight":72.389,"restingHR":42,"hrv":76.0,"hrvSDNN":null,"menstrualPhase":null,"menstrualPhasePredicted":null,"kcalConsumed":null,"sleepSecs":29700,"sleepScore":91.0,"sleepQ
