tid_utc: 2026-07-09T05:06:12
dato: 2026-07-08
http: 200
svar: {"id":"2026-07-08","ctl":46.049896,"atl":51.911503,"rampRate":1.2426491,"ctlLoad":16.0,"atlLoad":16.0,"sportInfo":[{"type":"Ride","eftp":206.63605,"wPrime":17115.059,"pMax":593.363}],"updated":"2026-07-09T05:06:12.556+00:00","weight":72.389,"restingHR":41,"hrv":66.0,"hrvSDNN":null,"menstrualPhase":null,"menstrualPhasePredicted":null,"kcalConsumed":null,"sleepSecs":24900,"sleepScore":81.0,"sleepQua
