tid_utc: 2026-07-07T13:50:54
dato: 2026-07-07
http: 200
svar: {"id":"2026-07-07","ctl":46.773956,"atl":57.426254,"rampRate":2.9833527,"ctlLoad":0.0,"atlLoad":0.0,"sportInfo":[{"type":"Ride","eftp":206.63605,"wPrime":17115.059,"pMax":593.363}],"updated":"2026-07-07T13:50:54.359+00:00","weight":72.309,"restingHR":42,"hrv":71.0,"hrvSDNN":null,"menstrualPhase":null,"menstrualPhasePredicted":null,"kcalConsumed":null,"sleepSecs":32100,"sleepScore":86.0,"sleepQuali
