tid_utc: 2026-07-06T19:49:58
dato: 2026-07-06
http: 200
svar: {"id":"2026-07-06","ctl":47.900986,"atl":66.24492,"rampRate":4.9828568,"ctlLoad":9.0,"atlLoad":13.0,"sportInfo":[{"type":"Ride","eftp":206.63605,"wPrime":17115.059,"pMax":593.363}],"updated":"2026-07-06T19:49:58.542+00:00","weight":72.5,"restingHR":43,"hrv":67.0,"hrvSDNN":null,"menstrualPhase":null,"menstrualPhasePredicted":null,"kcalConsumed":null,"sleepSecs":25620,"sleepScore":79.0,"sleepQuality
