tid_utc: 2026-07-03T21:54:31
dato: 2026-07-02
http: 200
svar: {"id":"2026-07-02","ctl":45.658802,"atl":62.2116,"rampRate":2.7849426,"ctlLoad":81.0,"atlLoad":89.0,"sportInfo":[{"type":"Ride","eftp":206.63605,"wPrime":17115.059,"pMax":593.363}],"updated":"2026-07-03T21:36:53.941+00:00","weight":72.51,"restingHR":43,"hrv":50.0,"hrvSDNN":null,"menstrualPhase":null,"menstrualPhasePredicted":null,"kcalConsumed":null,"sleepSecs":22200,"sleepScore":72.0,"sleepQualit
