tid_utc: 2026-07-14T13:20:58
dato: 2026-07-14
http: 200
svar: {"id":"2026-07-14","ctl":47.40574,"atl":58.80407,"rampRate":-0.5211067,"ctlLoad":62.0,"atlLoad":107.0,"sportInfo":[{"type":"Ride","eftp":205.81076,"wPrime":17046.701,"pMax":590.9931}],"updated":"2026-07-14T13:20:58.823+00:00","weight":72.169,"restingHR":42,"hrv":52.0,"hrvSDNN":null,"menstrualPhase":null,"menstrualPhasePredicted":null,"kcalConsumed":null,"sleepSecs":25185,"sleepScore":80.0,"sleepQu
