tid_utc: 2026-07-05T16:39:25
dato: 2026-07-05
http: 200
svar: {"id":"2026-07-05","ctl":48.838314,"atl":74.42147,"rampRate":5.3197784,"ctlLoad":114.0,"atlLoad":114.0,"sportInfo":[{"type":"Ride","eftp":206.63605,"wPrime":17115.059,"pMax":593.363}],"updated":"2026-07-05T16:39:25.732+00:00","weight":72.79,"restingHR":44,"hrv":56.0,"hrvSDNN":null,"menstrualPhase":null,"menstrualPhasePredicted":null,"kcalConsumed":null,"sleepSecs":27480,"sleepScore":88.0,"sleepQua
